---------------
1 2 
----------------
---------------
1 2 3 
----------------
---------------
1 2 3 4 
----------------
---------------
2 5 
1 2 
3 4 5 
----------------
---------------
2 6 
1 2 
3 4 5 6 
----------------
---------------
2 4 7 
1 2 
3 4 
5 6 7 
----------------
---------------
2 4 8 
1 2 
3 4 
5 6 7 8 
----------------
---------------
2 4 6 9 
1 2 
3 4 
5 6 
7 8 9 
----------------
---------------
2 4 6 10 
1 2 
3 4 
5 6 
7 8 9 10 
----------------
---------------
4 11 
2 4 
1 2 
3 4 
6 8 11 
5 6 
7 8 
9 10 11 
----------------
---------------
4 11 
2 4 
1 2 
3 4 
6 8 12 
5 6 
7 8 
9 10 11 12 
----------------
---------------
4 11 
2 4 
1 2 
3 4 
6 8 10 13 
5 6 
7 8 
9 10 
11 12 13 
----------------
---------------
4 11 
2 4 
1 2 
3 4 
6 8 10 14 
5 6 
7 8 
9 10 
11 12 13 14 
----------------
---------------
4 8 11 15 
2 4 
1 2 
3 4 
6 8 
5 6 
7 8 
10 12 15 
9 10 
11 12 
13 14 15 
10 12 15 
9 10 
11 12 
13 14 15 
----------------
---------------
4 8 11 15 
2 4 
1 2 
3 4 
6 8 
5 6 
7 8 
10 12 16 
9 10 
11 12 
13 14 15 16 
10 12 16 
9 10 
11 12 
13 14 15 16 
----------------
---------------
4 8 11 15 
2 4 
1 2 
3 4 
6 8 
5 6 
7 8 
10 12 14 17 
9 10 
11 12 
13 14 
15 16 17 
10 12 14 17 
9 10 
11 12 
13 14 
15 16 17 
----------------
---------------
4 8 11 15 
2 4 
1 2 
3 4 
6 8 
5 6 
7 8 
10 12 14 18 
9 10 
11 12 
13 14 
15 16 17 18 
10 12 14 18 
9 10 
11 12 
13 14 
15 16 17 18 
----------------
---------------
8 19 
4 8 
2 4 
1 2 
3 4 
6 8 
5 6 
7 8 
11 12 15 19 
14 16 19 
13 14 
15 16 
17 18 19 
10 12 
9 10 
11 12 
14 16 19 
13 14 
15 16 
17 18 19 
14 16 19 
13 14 
15 16 
17 18 19 
----------------
---------------
8 19 
4 8 
2 4 
1 2 
3 4 
6 8 
5 6 
7 8 
11 12 15 19 
14 16 20 
13 14 
15 16 
17 18 19 20 
10 12 
9 10 
11 12 
14 16 20 
13 14 
15 16 
17 18 19 20 
14 16 20 
13 14 
15 16 
17 18 19 20 
----------------
---------------
8 19 
4 8 
2 4 
1 2 
3 4 
6 8 
5 6 
7 8 
11 12 15 19 
14 16 18 21 
13 14 
15 16 
17 18 
19 20 21 
10 12 
9 10 
11 12 
14 16 18 21 
13 14 
15 16 
17 18 
19 20 21 
14 16 18 21 
13 14 
15 16 
17 18 
19 20 21 
----------------
---------------
8 19 
4 8 
2 4 
1 2 
3 4 
6 8 
5 6 
7 8 
11 12 15 19 
14 16 18 22 
13 14 
15 16 
17 18 
19 20 21 22 
10 12 
9 10 
11 12 
14 16 18 22 
13 14 
15 16 
17 18 
19 20 21 22 
14 16 18 22 
13 14 
15 16 
17 18 
19 20 21 22 
----------------
---------------
8 12 23 
4 8 
2 4 
1 2 
3 4 
6 8 
5 6 
7 8 
11 12 
18 20 23 
17 18 
19 20 
21 22 23 
10 12 
9 10 
11 12 
15 16 19 23 
18 20 23 
17 18 
19 20 
21 22 23 
14 16 
13 14 
15 16 
18 20 23 
17 18 
19 20 
21 22 23 
18 20 23 
17 18 
19 20 
21 22 23 
----------------